3,2
3,1
3,3
10,160
10,286
10,256
10,142
10,258
10,98
10,146
10,216
10,2
10,3
11,6
11,4
9,7
9,4
9,1
9,6
9,2
9,3
8,6
8,5
8,13
8,7
8,4
8,2
8,3
49,4
49,3
49,2
49,1
49,0
48,3
48,2
48,1
48,0
47,3
47,2
47,1
47,0
46,5
46,4
46,3
46,2
46,1
46,0
45,4
45,3
45,2
45,1
45,0
43,5
43,4
43,3
43,2
43,1
43,0
40,5
40,4
40,3
40,2
40,1
36,3
36,1
34,3
34,1
29,3
29,1
26,3
26,1
20,3
20,2
20,1
19,3
19,2
19,1
18,3
18,1
17,3
13,3
17,2
17,1
16,3
16,2
16,1
15,3
15,2
15,1
14,3
14,2
14,1
13,2
13,1
12,3
12,2
12,1
11,28
11,26
11,24
11,23
11,22
11,21
11,20
11,19
11,18
11,17
11,16
11,14
11,13
